
2146962114 2146038915 2144375407 2141188629 2139553814 2138020561 2137434790 2136445912 2135910986 2135658890
2129698932 2125739960 2120822004 2119857722 2117587774 2114468685 2113857312 2112684120 2105675775 2104160891
2103609281 2100263251 2100203839 2099479893 2095006150 2092256321 2089532466 2088228523 2087876610 2087750475
2086920052 2083309655 2081022954 2080689059 2079315726 2078924252 2078315571 2076692407 2076363525 2074719234
2073101767 2072864979 2071484897 2070850434 2067564020 2067322499 2061515271 2061272150 2054839192 2053230415
2047397823 2044896308 2044414590 2043425950 2042045619 2040844411 2040787403 2039215081 2038077506 2035635842
2033136036 2031398547 2029453928 2027754101 2027337541 2024873606 2024183421 2022745001 2019793402 2018816455
2018372511 2015551178 2011928329 2011218473 2009984155 2009815242 2006542131 2004631750 2002099628 1997081831
1996470136 1992500745 1992210641 1991073703 1981429290 1979592436 1972557970 1971221064 1970009918 1969569252
1967793198 1967262039 1967195622 1963165822 1962403051 1962358000 1962148614 1960068635 1957147888 1952152916
1949834903 1949133822 1948401387 1947137299 1934919275 1932129598 1924487136 1924432757 1916902617 1913368848
1910754656 1908745159 1908707123 1907986122 1907464932 1905735521 1905485228 1905445790 1905377382 1905332319
1903014276 1899918621 1897996913 1897323010 1893295722 1892313568 1886671864 1886610170 1886210077 1886143368
1885749017 1885206352 1884646060 1883393498 1883372865 1882499404 1880004606 1879756066 1877751456 1877020925
1872406003 1872137862 1871800203 1871194427 1869403678 1866169333 1865182871 1863783282 1863247124 1859611017
1858492060 1855216555 1852008346 1847799543 1841295161 1838011618 1836129369 1833698168 1833619612 1832961364
1829694699 1824573594 1823378244 1816975808 1815346428 1814539871 1814389197 1813264286 1812984426 1811464588
1811128628 1808868278 1799889483 1799590362 1796992800 1795936694 1792359683 1786362088 1786322782 1783389705
1783090584 1776160171 1774621073 1773529598 1770849925 1767491737 1765640644 1764520935 1760638900 1757984022
1756511369 1754823925 1753314018 1749485640 1744608876 1744278142 1743455458 1741359045 1739819312 1739135965
1738599078 1734228048 1731479386 1731441095 1726411510 1724946502 1723372089 1722976782 1722479754 1719031169
1717540424 1715941147 1713157668 1711266943 1711039901 1707898203 1703434024 1702616252 1700804476 1699926011
1695517730 1694152333 1691343454 1690879346 1688366469 1687268475 1680441937 1678096113 1674986562 1674174234
1673884520 1672066780 1670452409 1667952068 1663764480 1660862948 1659975334 1657947582 1655396682 1654007868
1652926085 1651464971 1647738487 1641957866 1640317406 1639912009 1638607551 1635853742 1634954892 1631971708
1627986542 1625167209 1624443138 1623172573 1620448108 1617764567 1617607314 1616665443 1616372447 1615943188
1608610647 1608343701 1607306551 1606646781 1605953093 1603498450 1600327353 1599690430 1586864137 1586110157
1583559612 1578714773 1578350358 1575815007 1572048750 1567978984 1561077399 1559403243 1558915719 1556144514
1555788135 1552305297 1549275830 1548921316 1547825394 1547302559 1546219552 1543775262 1540570761 1537365292
1535845428 1535383020 1534239306 1533153144 1530578666 1530554509 1522350446 1519093315 1517508404 1516753978
1514807842 1511936347 1511628772 1511215578 1509177731 1508097497 1506944510 1504930490 1503163087 1501722215
1499156771 1497077970 1495500424 1494061437 1492909327 1492098814 1490476430 1488946616 1488252806 1486026731
1485750606 1485044399 1484501396 1480820569 1477759670 1475808204 1473107518 1470468091 1466020724 1464796427
1460419233 1459434387 1456728640 1454550377 1452898470 1451996198 1451415327 1449677796 1447033503 1446510345
1445861615 1443753569 1442155344 1441923393 1440756497 1440461008 1439371266 1437822194 1436868880 1435264011
1433273108 1432472072 1431421283 1429300685 1424768789 1422875342 1414018541 1412174083 1407556997 1403891811
1399855943 1399076361 1398658829 1395181116 1394973979 1392206801 1391808289 1391236649 1388223941 1382846696
1382036144 1380817623 1380564278 1378421988 1377441817 1374667024 1371691238 1368257055 1368170681 1367696034
1366955257 1365645083 1364757746 1364587793 1363378425 1363258011 1363142169 1359296582 1358133274 1355591613
1354681096 1351996803 1351809888 1349457695 1346937942 1344348129 1342741714 1342272037 1342171229 1341309246
1341266437 1341003544 1340123116 1339568004 1337827074 1335925991 1333061354 1331835060 1330598567 1329891937
1327747242 1325994658 1321552894 1311367120 1310440663 1309241161 1308995931 1308942240 1307872435 1305368106
1303478120 1303211211 1301709987 1300942026 1300643248 1296088983 1295785049 1292732079 1292320807 1290992896
1286778161 1286533035 1284250485 1283850769 1283300576 1281743152 1281154829 1280112020 1279046783 1275504644
1273384119 1270910382 1267840922 1254821628 1253092219 1248033162 1242587316 1240382844 1239150475 1235945257
1234570193 1233770346 1229351819 1228641269 1225313520 1224397648 1212826505 1212526171 1210784500 1210660461
1207858640 1206154126 1204456148 1203759245 1203332947 1202413884 1199901241 1199873740 1198877410 1195626306
1193441420 1192880649 1192273081 1189620424 1186960261 1186447210 1185386601 1184988138 1184704049 1182844171
1174621368 1172895609 1171824914 1167624310 1166050031 1163957005 1163941648 1162419821 1156853739 1156441350
1155143427 1153878840 1153346464 1149228821 1149217835 1145381765 1144639338 1143867426 1142279068 1138766198
1136524333 1134569794 1132659207 1131948061 1126756502 1126522177 1124511246 1124094255 1120654000 1120341802
1119320840 1117726690 1114922327 1114588489 1112682676 1109645574 1107971482 1105829375 1105149542 1103089053
1102569056 1100660839 1097424764 1096860211 1095500158 1094701795 1088983013 1079902128 1073581664 1071714218
1067715988 1066401873 1060302121 1060111605 1059977108 1058755604 1058608332 1054915123 1052178588 1050987438
1050175861 1046164867 1039781113 1036370771 1035858822 1032966830 1031411928 1030022320 1028386100 1026866809
1024589263 1024255740 1023079116 1021759984 1021430867 1021092391 1019913173 1018571761 1018133971 1015818366
1015761175 1015036519 1012770618 1010734052 1007164652 1004440249 1002995516 1002586121 1001771677 1000657150
998885058 998664883 992376451 990489388 985659159 985347832 979951629 979145409 976526636 973424784
970778045 969591096 969538307 969190663 964296302 964176976 960009584 955544089 955303346 948286128
948075710 947609327 946601057 945819439 942324883 941499689 936698992 935832328 934769016 934073727
929871336 927837703 926810583 926529184 926161743 925421029 921700444 918581814 917197610 911486206
910971766 907540335 907429828 906816439 903188713 902593440 902403272 901543897 901188431 884398303
875100346 874841705 874242898 873364392 871615532 871532520 869774951 864735961 862399708 858669626
853041685 851913577 849979462 847481039 847114010 843715131 842926810 840134548 838869873 838373519
838344637 837006906 833828317 829249214 824668818 823804626 816924081 816402547 813485089 809605312
807380849 803209184 802211572 799451015 799329992 798983710 797695091 797602832 792025712 786822572
784699546 784614691 784111125 783154849 782806193 778858829 777900456 776584229 776030238 764695679
759621191 758618746 758285242 757939221 757558712 756934122 756080747 752729391 746648745 745945532
741435734 738485189 734420370 734158829 733621811 729469268 727403135 720218039 719320997 717844508
717705098 715303738 712344526 709293636 704695063 702756549 698255900 696948404 694853414 693015094
676833231 674003506 672260802 665853113 664623571 659931526 658846438 653183624 651845193 649302574
645150894 643550954 642849035 641676174 641243968 638142060 634228092 629744120 629207705 625057242
621340248 615606149 614665550 604534040 603894669 598503085 598302123 597679604 594110947 594091548
593259329 592288840 591943930 591384585 583765678 579532797 573210467 568929304 568637486 559222275
557508457 553160413 549798408 547199366 546838560 545151442 543290699 541357016 540850727 535943317
531490332 530291082 522872087 522213257 521914118 514317641 512060032 511177985 510134711 509093910
505289143 503557728 502892918 501174897 498823143 498613598 495014482 493728747 493450141 490805097
488379025 487464796 485003940 484317136 483541101 483197633 480459155 473201998 472899854 471948686
468057977 467651988 467068624 464688179 464023615 462161199 460719472 459038876 458245837 456204279
454421262 452905537 449486872 447436757 442856601 442188099 441078628 437678587 437009184 433993967
427546097 426597172 419760506 419648120 414956387 412729935 412033801 411623355 410293725 409339068
405433054 404855363 398902272 393896938 393205389 392479966 391632844 391038236 388776657 387842092
387542530 381686038 381651520 381245873 376003556 375284936 371302926 369404392 369255864 368582955
365745401 361543310 354059350 353977749 353575936 349493207 348672129 346690256 343950309 343037481
341928643 339866052 338446458 336357922 335548863 335361896 335338217 334585254 323378945 323259761
322476705 317180984 314325808 309783513 303080246 302747744 299957452 299205687 294990227 294019084
287651212 285408015 285317581 281700507 280553396 278570161 275348524 274576127 271060153 267607103
266840270 264547645 264527269 260721880 258955035 258636709 254020257 252032930 249150398 244421108
243899574 243274258 240688586 238102992 237932383 231904900 230807863 229940619 228418317 227405356
226428461 225946470 220968929 215757668 213400057 211446682 210477066 209314509 201710428 195178907
192906718 191513746 190331112 189009917 188725237 187812795 186339999 185071872 182468192 179074308
178768778 175911439 174033443 170961868 169949141 164507799 162229570 159895846 158723932 158295255
155537337 153341323 151934138 150100740 149224152 148858110 148346621 147834552 141197506 139094723
138179165 136544835 136009794 134904490 133965667 133383443 132264476 127672149 121714954 121018519
120854723 116155014 107457195 106206289 101445780 96745764 96642839 93591047 89783011 89450480
89417668 88444688 84952556 84288921 82991145 82328544 81841910 80500271 75983500 74901847
73848461 73603587 73144739 71891162 71842028 69045173 64209124 64155925 63437127 63219302
60011043 58537249 58277952 55112401 54979698 54730451 51700029 50435928 45739176 43415173
39165706 37209317 35366212 35032538 34670610 32217976 29143340 26435843 22958228 22664363
16876117 16499778 12862030 11811474 11273517 10319537 7735857 5413698 3095655 2108046

